reviewId,userName,content,score,thumbsUpCount,at,replyContent,repliedAt,version
4b36d5cc-fca9-4544-9657-a6cbfc7dd694,Donal Bebek,sangat membantu,5,0,2025-06-24T14:23:08,,,5.20.1
3a5bbf59-a955-493f-acb1-a446c61565a4,Marvin Meirsiako,aplikasi ga jelas mau login malah di suruh pembaruan cepat padahal udah versi terbaru dari play store,1,0,2025-06-24T14:17:48,"Mohon maaf, Kak Marvin. Terkait laporanmu sudah ada tiket dinomor 218243258 dan sedang ditangani oleh tim kami. Kamu dapat melakukan pengecekkan progress-nya di menu My Ticket aplikasi GoPay atau Gojek kamu ya. ^Maura",2025-06-26T09:40:59,4.89.1
37110b1f-546a-4238-b95c-8a64ce6336e6,Ryfaldi Baringbing,pelayanan top dan promo cukup oke,5,0,2025-06-24T14:17:02,,,5.20.1
5e49a41f-6dc2-43c6-90e4-c07c57fd5b00,Surya Agussatria,terima kasih,5,0,2025-06-24T14:12:36,,,5.20.1
5ea7aebb-5d2b-48d1-b604-f64dd72724e7,Ungky Widhayana (Ungky),"Aplikasi Lancar, cepat dan biaya Murah",5,0,2025-06-24T13:59:03,,,5.20.1
e75994e1-a694-4b0f-a359-69b28955238f,Iwan Sahwandi,Mantabs... Harus menjangkau pelosok,5,0,2025-06-24T13:47:14,,,5.20.1
915c00c7-f23a-47a3-8183-c9ca51f17495,rangkas Bitung,puas dngn transportasi nya nyaman,5,0,2025-06-24T13:45:00,,,5.20.1
776a8c8f-b653-4f45-ba34-82bc4b36fb5f,nur cholis,lebih cepat,5,0,2025-06-24T13:41:40,,,5.20.1
1ceb5fda-6f0e-4437-9952-b7bac00b3b9f,Jaka ardiansyah,"sangat membantu,",5,0,2025-06-24T13:31:17,,,
06d5e7ef-650b-4a0b-b7da-02ac0d38be75,Rizki Ramdhani,nice udah bagus tapi tolong pencarian driver nya di percepat 🙏,5,0,2025-06-24T13:31:08,,,5.20.1
5e872565-71d6-4371-aa67-c28a9f5142ae,Ana Maisa,"Dear gojek kenapa aplikasi saya gak bs di buka ya.. pencet aplikasi yg muncul hanya layar putih dan tulisan gojek tp gak bs masuk ke beranda gojek nya.. tolong pihak developer gojek bs bantu, upgrade jg sudah tp tetep gak bs",4,3,2025-06-24T13:13:35,,,5.20.1
7ae6aaf7-5a91-433c-be2c-85a59a206a75,xyzraa22,aplikasi terbaikk,5,0,2025-06-24T13:12:53,,,5.20.1
1aebc0bf-d717-4a5d-85d9-38a555f18bd4,Eugenia Brandao Da Silva,bgus,5,0,2025-06-24T12:54:36,,,5.20.1
e3793531-6cc4-47c1-9e8d-d363dd1fc352,Karang Ariadi,penjemputancepat,5,0,2025-06-24T12:45:50,,,5.20.1
532b0593-76bc-47f0-aebb-7b155ec59259,Fahrul Khan,order gofood saya pilih dengan biaya pengantaran paling mahal. namun saat saya tanya ke driver yang didapat harga normal. dzolim management gojek sekarang,1,1,2025-06-24T12:41:56,"Hai Kak Fahrul, mohon maaf atas ketidaknyamanannya. Kritik dan saran yang kamu berikan akan menjadi masukan bagi kami untuk terus meningkatkan kualitas layanan kami ke depannya. Jika kamu memiliki pertanyaan atau kendala lainnya, silakan kunjungi menu Bantuan di aplikasi Gojek kamu. ^Maura",2025-06-24T13:45:30,5.18.2
b246454d-fe0a-41e1-afa2-f91ce5c2ca51,anugrah prasetyo,Mantaps,5,0,2025-06-24T12:32:44,,,5.20.1
cc1bdeb7-93ab-4e9f-8796-75d921ae3012,Angga Prasetyo,sangat memuaskan,5,0,2025-06-24T12:20:19,,,5.18.2
9b6798ce-9ecf-42c9-983e-9287ee711f83,Natasya Fuadatul Aulia,"membantu untuk bepergian dengan baik, murah",5,1,2025-06-24T12:17:41,,,5.20.1
35cf9e90-435c-4454-acc0-32e5bd4e4605,Fadlillah Fadil,terbaik,5,0,2025-06-24T12:08:26,,,5.20.1
0ccd53a1-ab96-4fcd-96ff-8adf4ba9e6d2,Mazaira Arif,pengemudinya ramah ramah,5,0,2025-06-24T11:52:34,,,
596f9f23-89e5-428c-b921-157e544b8cde,Rey 543,baguss aplikasinya banyak promo,5,0,2025-06-24T11:50:39,,,5.20.1
6a280b35-48ed-4243-95a5-fc1b9c49b7c4,Ana,"saya puas dengan pelayanan gojek ini,,",5,0,2025-06-24T11:50:01,,,5.20.1
df099848-199e-462b-a693-af3bf7e11f7a,Supriyadi Supriyadi,kebanyakan iklan,1,0,2025-06-24T11:46:03,"Hai Kak Supriyadi, mohon maaf atas ketidaknyamanannya. Kritik dan saran yang kamu berikan akan menjadi masukan bagi kami untuk terus meningkatkan kualitas layanan kami ke depannya. Jika kamu memiliki pertanyaan atau kendala lainnya, silakan kunjungi menu Bantuan di aplikasi Gojek kamu. ^Maura",2025-06-24T12:54:55,4.19.2
8816a03b-39b0-4a28-aec1-ed25782480d2,Doewi Puji,puas,5,0,2025-06-24T11:30:17,,,5.20.1
bc5dcb71-8695-41e0-8d9f-69eb70aba357,Agus Setiawan,isi token pln harus nunggu 2x24 jam hari kerja..padahal saldo sudah kepotong..tp ada notif kalau melunasi pembayaran..apa maksutnya..saya sudah lama pakai aplikasi ini tolong jangan mengecewakan.,1,0,2025-06-24T11:08:26,"Hai Kak Agus, mohon maaf atas ketidaknyamanan yang dialami. Dapat kami sampaikan bahwa saat ini terdapat pemeliharaan sistem sehingga transaksi Kakak terhambat sementara. Silakan Kakak untuk melakukan pengecekan secara berkala. Terima kasih. ^Maura",2025-06-24T12:53:57,5.6.1
3faa7cc7-9411-4aba-b876-7fde97f857ba,Ade Darmawan,"penggunaan aplikasi semakin mudah, akurasi maps bagus, warung gofood semakin banyak pilihan 👍",5,1,2025-06-24T11:08:09,,,
e9bfb1d6-d8a3-43c2-b0f3-13157d59ddf6,Zainudin Slamet,makin mahal banyak biaya ini itu,1,0,2025-06-24T10:43:14,"Mohon maaf atas ketidaknyamanannya, Kak Zainudin. Terkait ulasanmu, kami selalu berupaya untuk memberlakukan tarif yang terjangkau bagi seluruh pelanggan agar dapat selalu menjaga kualitas layanan terbaik. Kami harap kamu senantiasa nyaman dalam menggunakan layanan Gojek. Jika ada kendala lain silakan hubungi kami di menu Bantuan. ^Maura",2025-06-24T12:52:55,5.19.2
ca07135d-d016-4520-9d98-2548e6e9f0bd,Tiwiee Wiee,knapa tiap psen lewat gomart selalu di arahkan ke alfa yg lbh jauh dari lokasi kita? padahal yg lbh dekat pun ada..,3,1,2025-06-24T10:40:19,"Hai Kak Tiwi, mohon maaf atas ketidaknyamanannya. Laporan yang kamu sampaikan akan menjadi masukan bagi kami untuk terus meningkatkan kualitas layanan kami ke depannya. Jika kamu memiliki pertanyaan atau kendala lainnya, silakan kunjungi menu Bantuan di aplikasi Gojek kamu. ^Maura",2025-06-24T12:51:59,5.20.1
ea5943a4-3f41-4444-99bf-01ee57741c98,Riley Rogers,"5 tahun pake dan setia sama gojek, tapi sekalinya dibikin kecewa bener-bener kecewa banget. pesen gocar berkali-kali di-cancel driver alasannya jarak terlalu jauh, padahal ibaratnya kesandung pun nyampe. akhirnya telat di acara penting, dan sejak itu aku uninstall.",1,0,2025-06-24T10:37:43,"Hai Kak @gaboleh diotakatik, mohon maaf atas ketidaknyamanannya. Laporan yang kamu sampaikan akan menjadi masukan bagi kami untuk terus meningkatkan kualitas layanan kami ke depannya. Kemudian terkait keluhannya, silakan laporkan melalui menu Bantuan di aplikasi Gojek dengan mengetik ""Driver membatalkan pesanan saya"" pada kolom pencarian ya. ^Maura",2025-06-24T12:50:45,
c716975e-0044-49f7-b3a1-7cb280e6c052,Lissa Januarti,sat set sat set,5,0,2025-06-24T10:31:13,,,5.20.1
9d64c82d-e2b2-4da2-a70c-d44b3a72f967,mgk jkp,hebat,5,0,2025-06-24T10:26:54,,,5.20.1
16ffc7f9-d7eb-45aa-beee-4739937a8975,Steve,gofood jelek pengiriman prioritas tapi terlambat 20menit tidak di kasih kompensasi padahal sudah bayar lebih,1,0,2025-06-24T10:06:52,"Hai Kak Steve, mohon maaf atas ketidaknyamanannya. Agar dapat dibantu lebih lanjut, silakan laporkan melalui menu Bantuan (pada menu Profil Saya) di aplikasi Gojek dengan mengetik ""Saya menunggu pengiriman terlalu lama"" pada kolom pencarian. Semoga informasi ini membantu kamu. ^Maura",2025-06-24T12:42:45,5.20.1
27a47233-6ce0-42f6-9aef-7704b73c01ab,Siti Maryani,Cepat dan tepat,5,0,2025-06-24T09:50:40,,,5.21.1
c23df992-1c7c-49d5-b71c-ef77c718369c,Supri Adi,5 bintang ku kasih karena pelayanan nya makin mantap,5,0,2025-06-24T09:20:15,,,5.16.3
fd29ec04-b14c-4f4a-9f97-ea30d1d9a241,Belajar Kelompok,"tetap di pertahankan ya, terimakasih.",5,0,2025-06-24T09:00:46,,,5.20.1
0759836b-117a-44b3-bece-decc623ad496,Selamat Hari raya,"mohon bantuannya gojekkkk, itu kenapa setiap login keluar sendiri dan tulisan nya update ke versi terbaru",3,3,2025-06-24T09:00:39,"Mohon maaf, Kak @Selamat Hari raya. Terkait laporanmu, pastikan sinyal internetmu stabil, aktifkan 'App Permission'/'Izinkan Aplikasi', lalu logout kemudian login kembali. Untuk kendala login lainnya, silakan mengakses halaman bantuan login pada aplikasi Gojek. ^Maura",2025-06-24T10:05:50,5.20.1
b2c4dead-dc6d-447f-97a1-1317dd510209,Andi triwiana Dewi,driver nya ok cepat,5,0,2025-06-24T08:47:42,,,5.20.1
bd8f2cf1-e926-4f29-9750-3d2a0916a7fe,Yatmi Yatmi,mudah dicari cepat penjemputan harga terjangkau,5,0,2025-06-24T08:44:03,,,5.20.1
10525893-7e1c-478d-b08a-800d0e6363ce,Wulan Sari,"Ini bagaimana ya gosend saya sudah paketan kok tidak bisa d pakai , d suruh update terbaru tapi tdk ada update d playstore...saya kan merasa d rugikan kalo kaya gini...ada promo gosend tapi tidak bisa d pakai...wah gimana dong",4,3,2025-06-24T08:41:32,"Hai, mohon maaf atas kendala yang dialami. Sebelum memesan, pastikan sinyal internet bagus dan sudah menggunakan aplikasi Gojek versi terbaru, ya. Jika masih berkendala, silakan laporkan dengan cara klik tautan https://gjk.id/6 dari email di ponsel Android-mu, cantumkan kode psr-22-0048-0554-35611 pada kolom 'Ceritakan lebih lanjut'. -Viska",2022-02-17T13:55:58,5.20.1
df5ff82a-1bcc-4a68-b5f2-6067db80f100,Hendra,sangat membantu sekali sebagai alternatif transportasi,5,0,2025-06-24T08:38:01,,,
4b8916a1-e72c-41bf-a6d8-19abd3f2d13f,Burman Aritonang,puas,5,0,2025-06-24T07:28:53,,,5.20.1
3627986b-752e-4003-a128-bf056492ce79,fadlilah Ayuningtyas,"jujur aplikasinya bagus tapi kurang suka dengan driver"" yang meminta pembayaran lebih diluar aplikas dan parkir, saya pesan gocar sampai dari RS batesda sampai ke Gunungkidul sudah saya bayar pakai aplikasi(gopay/kartu) untuk parkir juga sudah saya kasih sendiri bahkan saya lebihkan 5rb, tapi pas sudah mau sampai kok driver minta pembayaran lebih ya???saya gak kasih soalnya di aplikasi sudah jelas-jelas 324 dan saya sudah bayar dengan gopay,",3,6,2025-06-24T07:07:58,"Hai Kak Fadlilah, mohon maaf atas ketidaknyamanannya. Jika kamu yakin bahwa driver meminta pembayaran lebih di luar harga akhir, laporkan melalui halaman Bantuan (pada menu Profil Saya) di aplikasi Gojek > ketik ""Driver saya meminta pembayaran lebih"" pada kolom pencarian. Semoga informasi ini membantu ya. ^Maura",2025-06-24T07:57:39,5.20.1
2d8f6957-49da-4672-8efc-558707a674d5,SUPRIYADI1973 Yadi,Bagus sangat membantu dalam transportasi publik 👍,5,0,2025-06-24T06:41:22,,,5.20.1
c39e90ed-9627-4989-ae14-2223f7d8654a,Mawar Berduri,gojek selalu terdepan pertahankan,5,0,2025-06-24T06:31:09,,,5.20.1
cdf92033-fe54-42a9-9d6b-b873b75c9783,Jimmy Chandra SH,Lebih hemat banyak discountnya...,5,0,2025-06-24T06:05:54,,,5.20.1
4f70f7dd-22f6-42ee-bbd9-0a195c1b7dd2,Jro Kuncir,driver semua ramah2,5,0,2025-06-24T05:57:49,,,5.20.1
7a698564-c814-4b71-9817-1c5da4ddbabe,Kirnoto,aplikasi nya sangat membantu buat perjalanan atau Gofood dn gosend mantap,5,0,2025-06-24T04:48:19,,,5.20.1
ac8fae16-1b69-4e1b-8d42-adeaad3234d7,Mas Ifal oyii,ok baik,5,0,2025-06-24T03:53:53,,,
a34781ca-47d4-4ca5-bc7d-8c20017aae2f,Yudi Mulyadi,aman tentram damai dan bersahaja,5,0,2025-06-24T02:43:52,,,5.20.1
96111fe7-f346-4ded-a64c-52973029bae2,selmy akbar,"mengapa paylater akun saya tidak bisa dipakai, tolong dibantu...",5,0,2025-06-24T02:37:04,,,5.20.1
d8f111d0-559d-4c01-af67-363973d3b855,Ega Ratnasari Ratnasari,Bagus sangat membantu .,5,0,2025-06-24T01:21:12,,,4.87.3
256ba05f-f4af-45b9-aa59-95e3c1a4156b,haf,Baik-baik,5,0,2025-06-24T00:08:16,,,5.20.1
6e70c75b-0f73-4c9d-ba0c-9f930f79676b,Marwan Habibur rasyid,baik,5,0,2025-06-23T23:55:37,,,
03b0e940-2989-41d6-a353-8aa4411ef725,Farabi Muhammad,"ongkos ga manusiawi, kasian driver cuma dapet Capekny doang",1,0,2025-06-23T23:02:31,"Hai Kak Farabi, mohon maaf atas ketidaknyamanannya. Laporan yang kamu sampaikan akan menjadi masukan bagi kami untuk terus meningkatkan kualitas layanan kami ke depannya. Apabila ada pertanyaan atau keluhan terkait layanan Gojek, silakan laporkan melalui menu Bantuan di aplikasi Gojek agar tim kami bisa bantu cek ya. ^Melisa
",2025-06-23T23:35:06,
fdc17489-eb03-423c-ba0a-692a7368fef5,Udin Wijaya,sangat membantu.makasih,5,0,2025-06-23T22:59:29,,,
a688400e-6956-49d5-b9d8-d682b1090bf3,Andi Saputra,sangat membantu,5,0,2025-06-23T22:48:32,,,5.11.1
da6f5797-3724-4cf9-9531-662c5846af54,Sam Sung,jossss lah pokoknya,5,0,2025-06-23T22:39:35,,,5.20.1
6174d1bb-7067-43ac-8a2c-f8f727435948,Febri Beben,perbanyak promo,5,0,2025-06-23T22:03:35,,,5.20.1
6d9a4a29-611d-41c3-a01f-bafd76bba06c,Agus Supriadi,selalu setia melayani,5,0,2025-06-23T21:57:10,,,5.20.1
c17f31ab-3d3a-4fcd-b176-744c8ff5cf0b,Sudarmin Sudarmin,gampang mau apa aja ada gojek👍,5,0,2025-06-23T21:48:14,,,5.20.1
e3cb6ea8-8c99-429e-b9f7-bf92a527b6e7,Fendy Mbae,Pelayanan sangat memuaskan,5,0,2025-06-23T21:48:10,,,5.20.1
3914c7a0-95fa-4d21-81b2-3fc07009f7d3,Altair benzah,woi lu gausah ada verifikasi wajah dong masa gw login di hp baru pas verifikasi wajah ga bisa Mulu,1,0,2025-06-23T21:14:25,"Mohon maaf atas kendalanya, Kak Altair. Sebelum login, pastikan fitur Face ID/Sidik Jari sudah aktif dan pola atau kata sandi yang dimasukkan sudah benar. Untuk info lebih lanjut, kunjungi halaman bantuan login > klik ikon ""?"" > pilih ""Tidak bisa masuk ke akun Gojek"" > pilih artikel ""Saya tidak bisa masuk dengan Face ID/Sidik Jari"". ^Melisa",2025-06-23T21:54:51,5.21.1
9e12ccbb-c18d-470a-a9fc-50466ce8f4d1,Aref Tirtana,Sangat membantu dn mempermudah,5,0,2025-06-23T21:14:07,,,5.20.1
5d71221f-efc8-41a6-a2b2-0ec5908785fc,Nadindra Wikrama,bagus bermanfaat,5,0,2025-06-23T21:12:22,,,
b20ef3aa-5bc3-4f3f-922d-28e8296b73ce,Azzahra Sri Habiba,bapak gojeknya baik dan sopan banget.. sehat-sehat terus ya pak...,5,0,2025-06-23T21:07:00,,,5.20.1
3bead9b0-4b9f-4198-8350-5f8ffa22c7ad,Isti Kristiawati,baik,5,0,2025-06-23T21:04:37,,,5.20.1
b4e79628-9b1b-4403-b5a8-004eb8be591b,Chandra Kusuma,tambahkan pembayaran Shopepay,4,0,2025-06-23T20:18:38,,,5.20.1
679a8dff-b918-45ac-82c5-1b623157d111,Freddy,sangat membantu,5,0,2025-06-23T20:15:59,,,5.20.1
5cf9335e-74aa-499a-a3e1-e57bb176106c,Reza fauzi marina,aplikasi sialan cuma gagal login doang sampe 60 menit notif.... orang udah gawat darurat....,1,0,2025-06-23T19:48:00,"Hai Kak Reza, mohon maaf atas kendala yang kamu alami. Sebelum login, pastikan kamu udah pakai Gojek versi terbaru & tidak ada kendala pada akun kamu, ya. Untuk info lebih lanjut, silakan ke halaman bantuan login di aplikasi dengan cara klik ikon ""?"" > pilih ""Tidak bisa masuk ke akun Gojek"" > pilih ""Saya mendapatkan notifikasi eror"". ^Melisa",2025-06-23T20:05:02,4.52.1
52fb8026-6733-4d11-8214-445bdbd24c03,aryo nugroho,kok di aplikasi di hape saya tiba2 tidak ada halaman promo? (tidak bisa masukin promo/ tidak bisa liat promo),1,1,2025-06-23T19:44:13,"Hai Kak Aryo, mohon maaf atas ketidaknyamanannya. Pastikan kamu sudah menggunakan aplikasi Gojek versi terbaru, ya. Jika masih berkendala, silakan laporkan melalui halaman Bantuan > ketik ""Kendala tampilan dan notifikasi"" di kolom pencarian > pilih artikel dan lengkapi formulirnya. Kami siap membantu. ^Melisa
",2025-06-23T20:03:39,5.20.1
cb40c2d1-1051-445d-b0ea-db8174a64b09,Nur Kartika,baik,5,0,2025-06-23T19:00:28,,,
ee593644-46a4-4f6b-a653-5fc545fe8110,Suminar Faiz,"gomart nyebelin . ngapain d adain gomart kalo barang pas ke toko gk ada barang ny . mna main d kosongin ajah gk bisa d tuker brg . rugiiiiiiiiii saya , nyesel pesen d gomart.",1,1,2025-06-23T18:53:55,"Hai Kak Suminar, mohon maaf atas ketidaknyamanannya. Laporan yang kamu sampaikan akan menjadi masukan bagi kami untuk terus meningkatkan kualitas layanan kami ke depannya. Apabila ada pertanyaan atau keluhan terkait layanan Gojek, silakan laporkan melalui menu Bantuan di aplikasi Gojek agar tim kami bisa bantu cek ya. ^Melisa",2025-06-23T19:59:48,5.20.1
33b2cd01-fac9-4d61-8238-edb4c6922153,Ni Luh Adnyakumari Wyandari,makasih sudah ada❤️,5,0,2025-06-23T18:35:13,,,5.20.1
53bc36e0-fdf8-4a7c-b107-db94f4384f96,rizla anwar,ampas tb tb ada iklan,1,0,2025-06-23T18:34:24,"Hai Kak Rizla, mohon maaf atas ketidaknyamanannya. Laporan yang kamu sampaikan akan menjadi masukan bagi kami untuk terus meningkatkan kualitas layanan kami ke depannya. Apabila ada pertanyaan atau keluhan terkait layanan Gojek, silakan laporkan melalui menu Bantuan di aplikasi Gojek agar tim kami bisa bantu cek ya. ^Melisa
",2025-06-23T19:55:29,
f0872065-b3d5-40aa-a39d-232f09675ae4,Haniya Kamili,"lebih bagus dari pada Maxim, grab, indrive dll",5,1,2025-06-23T18:28:29,,,5.20.1
8dd6d3c5-7e70-4128-bcdd-f85c71319969,Berlian Joni,lumayan lah aplikasi ini,4,0,2025-06-23T17:56:39,,,5.20.1
ad610d3b-2ad0-4528-a95a-91a22913c1fb,Fam Dyma,"pesan gocar dapqt Daihatsu Sigra hitam DK 1938 FCA atas nama Seprianus Rihi , kami menunggu 2 jam trnyata penumpang lain yg dia angkut, bagaimana ini, sopirnya tidak bisa tanya penumpang sebelum masuk mobil kah atau si sopir tidak bisa membaca kah ?? Parah bngt sih",1,0,2025-06-23T17:55:21,"Hai Kak Dyma, mohon maaf atas ketidaknyamanannya. Terkait hal tersebut silakan kakak bisa laporkan melalui halaman Bantuan (pada menu Profil Saya) di aplikasi Gojek > ketik ""Driver menyelesaikan pesanan tanpa mengantarkannya"" pada kolom pencarian. Semoga informasi ini membantu ya. ^Miko",2025-06-24T18:44:05,5.20.1
871e0a27-b56f-449f-bf23-8af9f581c853,Dewi Purwati,masa saya pakai gojek yang isi rating drivernya sih. takut rating jelek. kalau salah rute harusnya bilang dengan baik udah marah2 di jalan dan hujan. apalagi saya bawa anak. mungkin takut gak di bayar kali ya.. hmm tolong di perbaiki lagi pelayanannya. 😟😟😟,3,0,2025-06-23T17:55:04,"Hai Kak Dewi, mohon maaf atas ketidaknyamanannya. Laporan yang kamu sampaikan akan menjadi masukan bagi kami untuk terus meningkatkan kualitas layanan kami ke depannya. Kemudian terkait keluhannya, silakan laporkan melalui menu Bantuan di aplikasi Gojek dengan mengetik ""Driver kurang sopan"" pada kolom pencarian ya. ^Melisa",2025-06-23T18:37:12,5.20.1
ed8651cf-aa0b-421d-825e-751579d4f51a,Gemal.chaniago13 Chaniago,"sangat membantu dan gampang menggunakan aplikasi nya,kerennnn",5,0,2025-06-23T17:49:45,,,5.20.1
e12e3308-234f-45d5-9bdd-aec4854bd1f9,Abdul Ajja,sangat terbantukan,5,0,2025-06-23T17:43:58,,,5.20.1
70714e51-a7b0-42eb-848a-b892f3a84f3f,Rachel V,"sukaa bangett, driver nya ramah2 dan sopan, penggunaan aplikasi nya juga jelas",5,2,2025-06-23T17:37:04,,,5.21.1
eeda1669-bdc2-4100-9708-6d080e80f2e8,Daniel Leander,"aplikasi ibi sudah bagus dan sangat membatu dalam berbagai hal, namun terkadang terjadi eror sehingga menyangkut di satu halaman dan jika koneksi sedang tidak stabil pencarian driver menjadi lama",4,0,2025-06-23T17:35:48,,,
f568eeb9-57bf-4cd0-a79f-5e6c344d7019,Firlyana,aplikasi yang sangat membantu.,5,0,2025-06-23T17:33:39,,,5.20.1
162ffb09-ad7c-41f3-a752-ef90e91fabb8,Mawar dhani,"Voucher diskon nya banyakin dong sama restonya juga banyakin, lebih banyak resto di apk sebelah",5,2,2025-06-23T17:27:48,,,5.20.1
2e55f31c-e9cf-45fb-a713-bae69d85f27c,Riswan Rizal,"Recommended buat kirim2 barang,dll produk gojek baik Ride dan gocarr jadi pilihan utama keluarga kami.",5,0,2025-06-23T17:22:26,,,
77c9a793-bc60-4597-b259-12ebd694056b,Sultan Galuh Rafsanjani Sofyan,"Pertama pesen dari Pakuwon ke Cibitung 72rb, terus mau ganti lokasi tujuan ke yg lebih deket masa harganya tetep sama 72rb yg harusnya 44rb. tolong dong kalo kita mau ganti tujuan harganya juga di sesuaikan",1,0,2025-06-23T17:20:44,"Mohon maaf atas ketidaknyamanannya, Kak Sultan. Terkait ulasanmu, kami selalu berupaya untuk memberlakukan tarif yang terjangkau bagi seluruh pelanggan agar dapat selalu menjaga kualitas layanan terbaik. Kami harap kamu senantiasa nyaman dalam menggunakan layanan Gojek. Jika ada kendala lain silakan hubungi kami di menu Bantuan. ^Melisa
",2025-06-23T18:34:55,
cdcf0f2d-7736-4879-895b-cf6b9f1564f2,rafli alislam,"aplikasi jelek, update doang, isinya jelek, matiin layanan malah nyala sendiri, giliran ga diambil turun performa, KOCAAAAAKKKKK",1,0,2025-06-23T17:20:16,"Hai Kak Rafli, mohon maaf untuk kendalanya. Laporan yang Anda sampaikan akan menjadi masukan bagi kami untuk terus meningkatkan kualitas layanan kami ke depannya. Jika Anda memiliki pertanyaan atau kendala lainnya, silakan kunjungi menu Bantuan di aplikasi Gojek Driver App Anda. ^Melisa
",2025-06-23T18:33:43,5.20.1
88282fa5-5d57-4f52-bde9-b729190836bd,Abimu Har,mantap dan sangat nyaman digunakan,5,0,2025-06-23T17:17:09,,,
0656ecaf-8b30-4616-8071-536ee861f471,Pung Mona,"sampe sekrg paylater masih di blokir...payah btul ,apa aku harus pindah ke grab?",1,1,2025-06-23T17:13:01,"Hai Kak @Pung Mona, mohon maaf atas kendala yang kamu alami terkait GoPay Later. Agar masalahnya dapat segera kami bantu, silakan ceritakan lebih lanjut kepada kami melalui email ke support@mab.co.id dan cantumkan kode psr-25-174-1031-38591 di subjek email, ya. ^Melisa",2025-06-23T18:31:47,
e5f9652c-7da4-491d-8d03-835a901d4939,Arsyila Nuha21,sukses selalu untuk semuanya gojek,5,0,2025-06-23T17:08:29,,,4.40.1
01581c26-54c4-464a-b4c4-0856eec7a0f0,Sihotang Bangun,sangat ramah dan baik,5,0,2025-06-23T17:01:38,,,5.14.2
529c063d-2842-4d41-b698-ed0ab3db2560,Anggia Aryandini,HP di ambil driver mana gw ga bisa nge lapor gojek nomor telpon dll di HP yang di ambil kan sue,1,0,2025-06-23T16:57:49,"Hai Kak Anggia, mohon maaf atas ketidaknyamanannya. Laporan yang kamu sampaikan akan menjadi masukan bagi kami untuk terus meningkatkan kualitas layanan kami ke depannya. Apabila ada pertanyaan atau keluhan terkait layanan Gojek, silakan laporkan melalui menu Bantuan di aplikasi Gojek agar tim kami bisa bantu cek ya. ^Melisa
",2025-06-23T18:30:21,5.20.1
0bbb2ddb-3608-4486-a403-c1287a108dcc,RAHMATIKA RISYI A.H,bagus ramah sopan mas nya. mksh ya mas,5,0,2025-06-23T16:53:32,,,5.20.1
7d8edda1-3319-49a6-bf30-10059893c49d,Viona Budianto,mantap & sedaaap terus,4,0,2025-06-23T16:47:45,,,5.21.1
2a504b0f-edf6-4564-acc3-4661f3d69708,Abd Kholik Muqoddar,sangat membantu untuk mobilitas...👍🏻👍🏻👍🏻,5,0,2025-06-23T16:45:49,,,5.14.2
e58af453-f709-48bc-9d83-3f97c08a8846,Abdillah simanjuntak,apk makin ga jelas,1,0,2025-06-23T16:27:51,"Hai Kak Abdillah, mohon maaf atas ketidaknyamanannya. Laporan yang kamu sampaikan akan menjadi masukan bagi kami untuk terus meningkatkan kualitas layanan kami ke depannya. Apabila ada pertanyaan atau keluhan terkait layanan Gojek, silakan laporkan melalui menu Bantuan di aplikasi Gojek agar tim kami bisa bantu cek ya. ^Melisa
",2025-06-23T18:23:41,5.20.1
636b6df1-f5dd-4026-995b-c53508ef828b,Cinhau Limz,Sangat membantu,5,0,2025-06-23T16:04:18,,,
d32688b3-68fa-43ff-977e-552e32ede49f,Graceila. C.P,"bayar gopaylayer sebelum jatuh tempo, tpi malah ada tulisan gopaylater sedang di tinjau ulang dan ga bisa dipakai lagi",1,1,2025-06-23T15:34:22,"Hai Kak Graceila, mohon maaf atas kendala yang kamu alami terkait GoPay Later. Agar masalahnya dapat segera kami bantu, silakan ceritakan lebih lanjut kepada kami melalui email ke support@mab.co.id dan cantumkan kode psr-25-174-1019-50816 di subjek email, ya. ^Melisa",2025-06-23T18:19:59,5.19.2
5a5ee59a-5b0a-4680-b518-3931898e4ed0,Lisa Sumarto,Semakin hari semakin baik... Tx,5,0,2025-06-23T15:26:33,,,5.20.1
d9dfce32-4ff4-4558-851f-072b88fe6de4,Maja Jaya,membantu,5,0,2025-06-23T15:23:50,,,5.20.1
073f9e6a-03cf-41be-85fa-06e1ae6d4a3a,Ikhsan Nur,"Mohon difix fitur paylaternya, saya tidak bisa menggunakan fitur paylater. Setiap bulan saya selalu bayar, tetapi bulan ini malah tidak bisa digunakan lagi. Terima kasih",5,0,2025-06-23T15:01:37,,,5.20.1
d97a1565-be1f-4bf5-be73-a05c020bfe6d,MILES,"tidak manusiawi untuk drivernya, saya order makanan lama nya minta ampun, saya tanya driver nya takut ada kendala, ternyata orderan saya masuk ke orderan ekonomis sedangkan saya bayar full 14k dengan jarang gak sampai 2km . ternyata masuk ke driver 5k dengan orderan ekonomis pantas lama banget, btw untuk pengguna nya boleh buktikan dengan menanyakan ke driver nya",1,4,2025-06-23T14:53:53,"Hai Kak Miles, mohon maaf atas ketidaknyamanannya. Laporan yang kamu sampaikan akan menjadi masukan bagi kami untuk terus meningkatkan kualitas layanan kami ke depannya. Kemudian terkait keluhannya, silakan laporkan melalui menu Bantuan di aplikasi Gojek dengan mengetik ""Saya menunggu pengiriman terlalu lama"" pada kolom pencarian ya. ^Melisa",2025-06-23T18:18:24,5.21.1
62e1a590-35e5-4c05-aa1b-fb22eae89d6e,nugroho setiawan,gopay pinjam BPKB ternyata sama dengan manual...masih survey dll,3,0,2025-06-23T14:45:58,"Hai Kak Nugroho, mohon maaf atas ketidaknyamanannya. Laporan yang kamu sampaikan akan menjadi masukan bagi kami untuk terus meningkatkan kualitas layanan kami ke depannya. Jika kamu memiliki pertanyaan terkait layanan GoPay Pinjam, silakan ceritakan lebih lanjut kepada kami melalui email ke customercaresupport@bfi.co.id. ^Melisa",2025-06-23T18:16:51,5.20.1
74c2b151-e102-405c-9621-b8d0efee528f,Haryo Prabowo,kegedean biaya lainnya,5,1,2025-06-23T14:38:58,"Hai Haryo, mohon maaf atas ketidaknyamanannya, fokus GoFood secara keseluruhan adalah untuk terus memberikan pengalaman kuliner terbaik bagi pelanggan. Oleh karena itu, kami menerapkan Biaya Pemesanan dan Biaya Jasa GoFood agar kami terus dapat meningkatkan kualitas layanan kepada pengguna aplikasi, termasuk pengembangan teknologi. ^Meta",2023-02-07T10:01:47,4.58.1
30976c1a-fd70-48c9-85a7-19e4a7a9d0a8,kurniawansyah kurnia,mantap surantap,5,0,2025-06-23T14:37:08,,,5.20.1
780f1f49-8734-412d-b2e4-dccfdd1b2cf4,Ratna Susiawati,Baik sekali drivernya,5,0,2025-06-23T14:31:11,,,5.20.1
8ba4c030-f155-4391-b9eb-cc90fd58fa9b,Dhini Rahmawati,"tolong dong, sering nih dpt kejadian misalnya driver ngechat suka ga keliatan di room chat nya, jdi agak susah komunikasinya",4,0,2025-06-23T14:19:22,,,5.20.1
1a01ce5f-d665-412b-b304-12702d35520a,ananditagendis saputri,aneh ya nih driver gocar selalu kalo udah ambil pesenan gk mau jalan dia sampe nunggu kita yg cencel kalo emng gk mau ambil gk susah diambil orng jadi nungguin malah gk dapet dapet haru di ganti ke prioritas baru mau diambil kalo emng semua nya harus pake yang mahal langsung aja gk usah pake ada yang hemat lah biasa lah kan bikin orng susah,1,1,2025-06-23T14:06:21,"Mohon maaf atas kendalanya, Kak Anandita. Kesulitan mendapatkan driver bisa terjadi karena tingginya permintaan saat jam sibuk atau tidak ada driver di sekitar. Silakan tunggu dan coba kembali. Untuk info lebih lanjut, kunjungi menu Bantuan dan cari artikel ""Saya tidak mendapatkan driver"". ^Melisa",2025-06-23T18:12:56,5.20.1
4503a9cb-b548-41d8-ba24-537b17e6806d,HeruSis,sangat membantu,5,0,2025-06-23T13:38:54,,,5.20.1
5a3aeed5-862c-4b3e-a705-139bf69f42a3,Sopia Jambi,"sudah mulai menurunkan kualitas layanan, kecewa",1,0,2025-06-23T13:36:08,"Hai Kak Sopia, mohon maaf atas ketidaknyamanannya. Laporan yang kamu sampaikan akan menjadi masukan bagi kami untuk terus meningkatkan kualitas layanan kami ke depannya. Apabila ada pertanyaan atau keluhan terkait layanan Gojek, silakan laporkan melalui menu Bantuan di aplikasi Gojek agar tim kami bisa bantu cek ya. ^Melisa
",2025-06-23T17:48:52,5.20.1
d2ae2f92-b683-4dae-8b2d-76d4846ce096,Risnawis,"akun saya terblokir dengan alasan penyalahgunaan vocher, buat apa ngadain promo kalo gak boleh dipakai tolong management GOJEK YANG TERHORMAT, bkn nya memberi solusi ketika ada complain malah membiarkan",1,0,2025-06-23T13:24:46,"Hai Kak Risnawis, mohon maaf atas ketidaknyamanannya. Jika kamu masih mengalami kendala, silakan laporkan melalui email ke customerservice@gojek.com dengan melampirkan kode psr-25-174-0947-30441 pada subject email dan cantumkan nomor laporan kamu sebelumnya pada email yang kamu kirimkan. Kami tunggu detail laporan kamu ya. ^Melisa",2025-06-23T17:47:42,5.20.1
af16c5b5-3637-4c9a-94ea-219f5e2d5dc4,Kang Abdee,memuaskan,5,0,2025-06-23T13:23:25,,,5.20.1
50d79553-eff2-4be5-90f7-8153ca129570,Julian “Juliantoretto”,Sejahtera kan lah para mitra anda. makin besar kok makin gede potongan driver,3,0,2025-06-23T13:12:35,"Hai Kak Julian, mohon maaf untuk kendalanya. Laporan yang Anda sampaikan akan menjadi masukan bagi kami untuk terus meningkatkan kualitas layanan kami ke depannya. Jika Anda memiliki pertanyaan atau kendala lainnya, silakan kunjungi menu Bantuan di aplikasi Gojek Driver App Anda. ^Melisa
",2025-06-23T17:46:04,5.4.1
482f26c6-e3b0-42fe-ae24-1806d9565ad7,Kamaril Rukmono,bagus,5,0,2025-06-23T13:05:36,,,5.20.1
1f6aa915-a651-4bac-8115-43f234112b8e,kan anto,sangat membantu,5,0,2025-06-23T13:05:30,,,5.20.1
c3420a98-74b5-4b1e-ad80-dcd5a026cdcb,Johan MSi,Baik.,5,0,2025-06-23T12:47:18,,,5.20.1
517f23de-7b64-4cf1-a87d-8930448dc24f,Febrian Gabriel,aplikasi Gojek Jaya,5,0,2025-06-23T12:41:47,,,5.20.1
ba59cd85-dc7d-460f-9a76-9293336213cf,Iyus Bachdim,ok sih dan mantap,5,0,2025-06-23T12:15:02,,,5.20.1
3796d4a7-c0c0-42ee-9af3-03616753f2d1,Erwin 80,mudah,5,0,2025-06-23T12:04:57,,,5.20.1
c9186e5d-bebf-4f3f-b8e3-b3a3bd4dc1a0,Yuri Mulders,jelek banget saya pesen gofood susah banget dpt drivernya,1,0,2025-06-23T12:03:22,"Mohon maaf atas kendalanya, Kak Yuri. Kesulitan mendapatkan driver bisa terjadi karena tingginya permintaan saat jam sibuk atau tidak ada driver di sekitar. Silakan tunggu dan coba kembali. Untuk info lebih lanjut, kunjungi menu Bantuan dan cari artikel ""Saya tidak mendapatkan driver"". ^Melisa",2025-06-23T17:28:15,5.4.1
339066ad-8f8b-49f3-8082-45a497761ae4,SHAFWAN ARBIT,"ga jelas, gopay gabisa buat pembayaran hotstar, tertulis sudah terdaftar tapi ngga ada kelanjutan, trus di aplikasinya juga ngga ada pusat bantuan yang bener² bisa menangani masalah ini, orang awam jadi bingung, cuma ada tata caranya doang, tata cara udh dilakukan tapi tetap saja tidak bisa, butuh cs yang benar² manusia dan bisa mendengarkan keluh kesah dari pengguna gojek dong",1,6,2025-06-23T11:19:57,"Hai Kak Shafwan, mohon maaf atas ketidaknyamanannya. Jika kamu masih mengalami kendala, silakan laporkan melalui email ke customerservice@gojek.com dengan melampirkan kode psr-25-174-0923-28325 pada subject email dan cantumkan nomor laporan kamu sebelumnya pada email yang kamu kirimkan. Kami tunggu detail laporan kamu ya. ^Melisa",2025-06-23T17:23:37,5.20.1
baf070b6-c62c-43f7-b41d-4bba83cc4b59,Akila Salon,terima kasih,5,0,2025-06-23T11:12:37,,,
78cb81bd-b0ef-471c-8596-8982a415ec77,dedik setyawan,mempermudah dan sangat membantu serta bermanfaat,5,1,2025-06-23T11:06:48,,,5.20.1
e9e09576-9338-47f3-a920-7acb86394c98,S ut,Gojek super nomor satu di Indonesia.,5,0,2025-06-23T10:46:06,,,5.20.1
887ec88d-e346-4395-95c7-e941832daf5e,bowo wibowo,cukup memuaskan,5,0,2025-06-23T10:41:39,,,5.20.1
d973a23f-5f23-4c65-991d-b25770136f7b,Martin Simbolon,bego aplikasi gojek ongkos murah buat driver,1,0,2025-06-23T10:28:27,"Hai Kak Martin, mohon maaf untuk kendalanya. Laporan yang Anda sampaikan akan menjadi masukan bagi kami untuk terus meningkatkan kualitas layanan kami ke depannya. Jika Anda memiliki pertanyaan atau kendala lainnya, silakan kunjungi menu Bantuan di aplikasi Gojek Driver App Anda. ^Miko",2025-06-23T10:39:15,5.18.2
040f4508-7949-4a5e-a5e1-09aed3f5eb8e,Rogerio Gonzaga Martins,pakai Gojek cepat sudah tiba ditempat tujuan,4,0,2025-06-23T10:23:07,,,5.20.1
d9fd79c4-57da-4582-9182-407f4b153394,Rian Std,tdk sesuai yg diharapkan,5,0,2025-06-23T10:14:09,,,5.20.1
a9cb0fd7-60e8-462e-9028-344c9fb40303,SUGENG SUGIARTO,aplikasi gilaaa driver puluhan nyari 10mnt gak dapet,1,0,2025-06-23T10:11:24,"Mohon maaf atas kendalanya, Kak Sugeng. Kesulitan mendapatkan driver bisa terjadi karena meningkatnya jumlah pesanan di jam sibuk, atau tidak ada driver di dekat titik penjemputan. Mohon menunggu beberapa saat dan coba kembali, ya. Jika ada pertanyaan lain, silakan kunjungi menu Bantuan pada aplikasi Gojek-mu, ya. ^Miko",2025-06-23T10:37:41,4.93.1
